은행 자기자본 총자산 여신 여신비율 부실여신 지점수 직원수 성적
동화  0  0  0  0  0  1  1  0       
동남  0  0  0  0  1  1  0  0     
대동  0  0  0  0  0  0  1  0     
충청  0  0  0  0  0  1  0  1     
경기  0  0  0  0  0  1  1  1     
신한  1  1  1  1  1  1  1  0     
주택  1  1  1  1  1  1  1  0     
국민  1  1  1  1  1  1  1  1     
하나  1  1  0  1  1  1  1  1     
한미  1  1  0  1  1  1  1  1     
조흥  0  1  1  0  0  1  1  1     
상업  0  1  1  0  0  1  1  1     
한일  0  1  1  1  0  1  1  1     
외환  0  1  1  0  0  1  1  1     
평화  0  0  0  0  1  0  1  1     
강원  0  0  0  0  0  0  0  1     
충북  0  0  0  0  1  0  0  0   