 9 27 12 31 17 36 26 39 34 37 36 33 38 27 35 19 30 15 21 14 21  8 16  6  8  5
17 40 21 38 26 36 27 32 25 28 22 27 19 29 24 25 26 20 28 16 26 13 18 14 15 17
19 38 24 38 29 33 30 29 27 24 21 25 17 26 27 24 30 22 31 19 31 16 27 15 24 15
 9 40 15 43 24 41 29 36 24 30 20 26 12 22 20 22 24 20 21 16 18 14 13 12  9 10
14 41 21 42 29 42 35 37 32 33 26 30 16 26 25 26 29 24 33 20 30 16 23 11 16 12
24 39 28 40 35 38 38 35 34 30 29 27 22 24 27 24 29 22 31 19 28 15 20 11 13 12
 9 39 15 39 21 40 25 36 23 31 21 27 19 25 21 25 23 24 25 22 22 19 15 17  8 17
 8 38 14 41 25 43 29 38 25 33 18 29  8 28 12 27 16 25 18 23 13 21  7 21  1 22
 4 34 12 39 22 42 31 36 27 30 23 28 11 25 20 25 22 24 22 22 19 19 13 18  8 18
21 36 25 37 31 36 33 32 32 28 29 25 27 22 29 21 31 20 31 18 28 16 24 16 20 16
14 40 20 39 25 37 27 31 26 28 20 29 16 31 21 28 25 23 28 16 25 13 17 15 13 18
12 40 20 42 30 42 36 33 31 24 23 22 16 23 25 22 31 18 33 13 31  9 24  8 17  8
 9 35 17 36 26 34 30 31 26 27 20 25 13 27 19 25 23 21 26 15 22 12 12 12  7 13
17 38 24 39 30 37 34 34 31 28 22 25 16 28 21 26 27 24 30 20 26 15 18 14 10 17
21 35 27 36 36 35 39 28 38 22 34 18 28 19 31 18 33 17 31 15 26 15 20 17 14 20
16 40 20 43 25 39 27 31 24 24 19 21 17 23 19 22 21 21 23 21 22 18 19 16 15 16
15 41 21 45 34 44 40 39 36 35 26 30 16 29 24 25 28 20 31 16 28 14 21 14 12 12
11 42 22 42 32 39 35 34 32 29 25 26 20 27 25 26 31 23 35 19 31 14 21 12 16 15
 5 44 15 43 24 41 29 36 22 28 13 28  5 29 14 28 24 26 29 22 26 19 17 17 10 20 
14 37 19 39 25 38 28 32 25 26 20 22 14 23 17 23 21 20 23 17 21 15 16 15 11 15
16 35 22 38 30 36 32 29 29 23 23 20 17 20 20 19 24 17 26 14 21 11 16 12 12 15
14 38 17 40 25 42 28 38 27 32 24 28 20 25 23 25 26 24 28 21 24 18 18 17 10 18
 7 40 13 43 22 45 31 42 27 38 21 34 13 32 18 31 24 30 27 27 23 23 15 22 6 22
14 35 21 36 26 34 31 30 28 26 25 22 21 18 21 17 22 16 23 15 20 12 13 10 5 10
10 46 17 47 27 43 29 36 26 30 22 29 16 28 20 27 21 25 23 21 21 19 15 20 9 20
18 39 24 42 33 41 38 35 37 30 32 28 28 27 33 22 37 18 41 15 37 13 29 11 21 12
18 38 22 42 30 42 34 36 33 32 29 30 22 28 25 26 28 24 28 20 27 19 22 18 18 18
 9 41 17 43 30 40 34 31 30 23 23 19 11 19 15 17 18 13 21 10 17  8 12  7  5  7
 8 36 12 42 20 43 25 38 24 35 23 33 21 32 20 31 20 30 20 27 16 25  9 24  2 25
19 41 24 45 33 45 38 38 36 31 28 27 21 23 24 22 26 20 28 17 26 14 20 13 14 11
