1.00
0.71 1.00
0.72 0.67 1.00
0.60 0.55 0.88 1.00.
0.55 0.60 0.55 0.55 1.00
0.63 0.41 0.69 0.71 0.76 1.00
0.67 0.54 0.61 0.56 0.66 0.76 1.00
0.63 0.58 0.76 0.76 0.49 0.64 0.59 1.00
1.00
0.80 1.00
0.54 0.72 1.00
0.34 0.52 0.84 1.00.
0.35 0.43 0.66 0.69 1.00
0.33 0.45 0.62 0.67 0.78 1.00
0.52 0.65 0.60 0.50 0.54 0.66 1.00
0.32 0.53 0.79 0.76 0.64 0.72 0.59 1.00
1.00
0.77 1.00
0.55 0.74 1.00
0.47 0.61 0.85 1.00.
0.23 0.23 0.49 0.53 1.00
0.37 0.36 0.62 0.60 0.74 1.00
0.59 0.52 0.55 0.49 0.47 0.74 1.00
0.48 0.59 0.72 0.69 0.43 0.64 0.63 1.00
1.00
0.72 1.00
0.53 0.69 1.00
0.45 0.51 0.77 1.00.
0.17 0.16 0.45 0.40 1.00
0.31 0.25 0.49 0.38 0.77 1.00
0.54 0.41 0.47 0.37 0.44 0.67 1.00
0.38 0.50 0.67 0.55 0.36 0.49 0.55 1.00