168.59 35.66 159.99 215.17 104.93 141.07 49.01 115.13 101.69 110.87 227.11 120.51
165 38.35 163.89 214.32 108.26 144.79 50.17 124.02 103.5 113.13 220.43 122.65
166.97 39.44 163.63 221.62 108.18 147.07 54.11 137.43 109.15 118.11 227.89 128.32
164.02 44.22 171.76 237.29 95.93 161.44 32 131.85 95.91 126.54 222.54 133.51
153.46 40.67 156.62 225.12 103.81 152.44 43.65 139.01 99.95 120.7 216.62 132.9
148.3 52.66 147.61 239.16 90.37 164.39 32.39 145.13 88.1 130.85 209.22 145.88
141.33 32.7 128.49 215.09 71.39 135.31 18.32 115.62 77.48 102.92 186.28 125.49
130.21 18.71 136.38 201.17 68.85 125.19 11.43 94.64 64.22 90.83 184.64 107
130 26.8 134.24 217.41 77.07 141.93 14.66 122.68 74.56 105.14 189.9 109.31
134.99 22.44 116.08 205.87 74.69 130.05 22.18 96.09 68.08 95.91 185.97 115.99
146.87 22.6 111.5 201.74 77.67 124.1 23.04 97.03 80.91 85.93 192.2 118.4
146.26 23.38 119.94 209.46 75.94 125.31 19.72 100.92 82.97 87.47 192.22 109.63
138.32 25.44 119.25 208.88 71.18 133.17 16.68 103.45 69.21 98.08 178.43 123.71
142.57 19.25 99.1 197.59 62.7 111.06 3.94 86.78 69.17 79.06 180.48 117.38
144.57 21.44 129 204.76 80.93 121.11 18.96 103.58 82.35 90.59 191.23 111.98
137.6 19.71 120.16 214.71 77.7 128.06 16.08 102.22 73.54 90.19 193.21 118.14
123.81 22.67 118.93 207.44 73.63 129.11 4.94 104.21 71.72 100.35 191.62 119.61
131.1 28.64 94.82 211.86 59.44 129.47 3.89 102.71 70.28 95.52 178.71 131.69
155.84 22.41 112.53 207.45 68.64 118.65 8.37 97.65 78.78 85.28 184.6 114.92
174.04 27.44 108.13 202.49 80.74 111.51 20.1 79.49 96.21 80.84 205.25 127.23
127.85 20.44 119.59 208.01 61.98 125.83 4.2 112.66 80.06 90.68 182.45 108.83
146.48 28.36 113.82 214.92 75.14 127.12 14.06 98.64 81.57 96.68 198.33 125.63
139.46 33.99 99.48 220.24 73.24 135.58 8.99 105 75.01 103.38 191.51 135.63
152.27 30.86 138.67 226.92 91.78 137.46 24.93 121.51 92.28 107.03 216.37 131.07
139.15 28.78 133.63 210.56 88.84 131.16 26.42 112.92 87.97 99.71 201.01 119.24
153.32 20.49 109.35 201.5 76.58 109.87 10.91 91.13 74.45 85.03 183.14 119.64
166.02 23.04 140.31 215.68 91.82 128.43 26.01 109.78 94.61 99.14 212.09 119.48
127.79 22.26 136.79 202.76 89.87 131.73 26.63 113.72 88.85 90.81 198.88 105.03
169.22 26.47 158.71 210.32 102.37 134.39 30.64 108.87 100.56 97.55 220.44 125.16
146.88 23.83 116.78 218.55 84.03 132.22 25.08 111.84 89.31 94.31 194.7 129.03
117.98 219.62 114.52 41.93 166.15 113.59 206.54 121.79 165.11 142.92 62.07 136.58
105.52 235.08 109.96 57.31 165.44 126.42 223.05 140.88 169.58 156.83 59.5 138.02
142.83 222 132.08 40.2 188.8 115.39 236.9 125.08 193.18 142.22 83.37 141.47
126.35 204.27 113.2 36.04 171.77 102.43 228.93 111.75 173.55 131.8 66.26 126.65
99.11 231.52 119.58 44.52 169.28 129.51 219.93 141.98 167.65 154.41 56.83 141.64
134.14 228.48 129.09 56.98 175.85 125.39 217.57 138.01 179.29 152.67 73.84 153.08
119.8 219.48 122.36 48.52 171.44 115.58 216.57 131.13 170.86 148.36 65.8 138.8
105.62 222.74 96.27 51.3 152.13 119.07 205.02 131.95 157.36 141.61 52.35 142.73
122.15 202.41 128.75 32.09 176.88 102.84 220.81 119.41 177.78 131.04 76.65 120.61
127.78 223.48 117.65 53.94 183.45 123.87 236.96 133.84 184.24 149.04 77.96 149.95
123.4 200.6 116.57 28.43 172.67 97.33 221.34 106.24 175.29 122.05 64.69 115.53
132.4 227.96 127.46 50.4 171.57 118.67 203.72 131.91 175.25 152.38 71.98 138.5
123.39 216.23 113.96 29.9 167.68 105.58 202.15 114.18 172.01 133.8 65.78 125.86
136.83 207.84 117.37 33.67 178.1 100.65 233.17 111.44 184.05 124.85 69.8 129.69
143.31 219.71 122.1 48.08 177.23 113.52 221.38 122.32 180.86 140.87 80.11 151.72
105.96 218.06 100.46 48.73 155.23 119.51 217.76 130.01 159.11 145.49 51.29 139.66
115.73 234.14 115.74 56.11 168.42 128.73 220.32 135.6 169.4 154.65 66.02 152.32
101.73 215.74 102.67 35.73 151.69 110.19 199.12 120.24 151.6 136.36 48.82 132.42
124.93 222.42 130.09 46.89 163.86 118.81 197.76 137.59 165.11 148.92 67.45 139.67
104.68 231.95 88.17 53.4 150.87 128.76 203.38 143.96 151.59 152.11 41.85 151.15
123.93 242.1 121.99 64.08 175.47 143.77 211.56 155.4 173.07 164.91 68.98 158.26
137.21 207.27 130.76 34.56 188.92 105.07 242.85 109.74 187.67 127.43 80.29 127.14
107.35 212.21 89.5 38.88 151.63 105.73 196.56 113.82 152.69 133.73 46.53 135.99
134.26 224.28 122.34 36.86 174.35 111.24 235.79 127.9 174.49 142.43 51.5 141.89
139.29 231.38 80.82 47.82 159.37 105.97 236.93 120.91 162.59 139.69 39.92 163.16
151.57 219.95 104.42 49.26 162.95 105.68 241.12 123.23 181.45 133.49 60.47 151.83
146.16 231.16 95.78 46.87 170.85 111.77 234.72 109.48 178.8 140.05 56.79 157.8
150.16 222.81 81.59 53.08 161.66 102.76 238.7 94 173.74 131.99 42.42 166.01
134.04 218.32 84.43 40.37 155.91 104.39 227.07 112.75 163.69 135.45 45.04 154
141 221.6 98.86 46.69 160.43 112.77 218.15 114.61 162.83 136.17 37.06 153.86
123.63 231.23 66.42 46.17 140.02 108.31 217.82 118 147.98 137.78 25.35 159.24
137.62 226.64 96.5 39.64 164.59 105.39 235.04 102.87 169.37 134.5 46.83 150.8
173.79 206.17 90.39 27.9 161.84 84.83 234.85 91.6 180.59 110.28 55.57 160.27
117.39 233.75 114.47 42.63 167.1 124.53 229.45 135.47 167.66 150.42 40.92 142.56
131.55 225.48 102.05 26.81 161.73 103.06 244.48 115.44 170.49 133.86 38.65 144.13
134.78 226.28 110.56 41.28 170.17 112.5 231.45 114.1 176.5 139.26 51.28 145.88
115.95 227.77 85.99 46.33 156.48 111.17 220.59 117.43 161.6 140.85 43.06 154.56
133.09 226.95 99.38 40.42 160.22 111.1 236.36 117.74 168.23 138.63 44.79 149.37
125.36 216.11 93.92 36.95 161.42 103.33 220.04 104.98 165.19 129.44 43.48 133.74
123.1 202.86 99.27 42.82 157.22 98.93 206.46 111.18 162.05 129.3 64.39 123.39
121.37 217.11 108.09 34.09 155.47 105.03 214.66 121.61 160.24 135.04 48.64 133.8
120.54 232.1 85.37 53.23 157.81 109.98 213.66 117.86 169.01 146.01 38.88 151.63
126.42 222.64 82.96 46.57 157.34 100.52 218.67 101.9 165.27 131.51 42.51 147.56
126.91 220.11 105.38 35.76 158.15 109.6 207.12 117.23 160.11 138.72 40.17 142.75
117.87 227.17 113.96 49.9 163.19 119.44 228.16 124.54 163.3 152.93 42.17 141.99
125.23 224.48 93.4 39.47 166.22 109.39 234.83 108.47 165.65 139.89 42.06 144.54