434 0
445 0.86 0
465 0.42 0.5  0
472 0.42 0.44 0.81 0
490 0.18 0.22 0.47 0.54 0
504 0.06 0.09 0.17 0.25 0.61 0
537 0.07 0.07 0.1  0.1  0.31 0.62 0
555 0.04 0.07 0.08 0.09 0.26 0.45 0.73 0
584 0.02 0.02 0.02 0.02 0.07 0.14 0.22 0.33 0
600 0.07 0.04 0.01 0.01 0.02 0.08 0.14 0.19 0.58 0
610 0.09 0.07 0.02 0    0.02 0.02 0.05 0.04 0.37 0.74 0
628 0.12 0.11 0.01 0.01 0.01 0.02 0.02 0.03 0.27 0.5  0.76 0
651 0.13 0.13 0.05 0.02 0.02 0.02 0.02 0.02 0.2  0.41 0.62 0.85 0
674 0.16 0.14 0.03 0.04 0    0.01 0     0.02 0.23 0.28 0.55 0.68 0.76 0
