기관           성장률  GNP  수출  수입  국제흑자 연말외채 연말환율 실업률 소비물가 임금상승
한국은행        8.2    1950  698  650   98      280      630     3.0    5.7      12.0
대우증권        9.5    2100  710  620  110      270      640     2.7    4.5      12.0
동서증권        9.0    2000  690  630  100      290      630     2.6    6.0      12.0
전경련          7.8    1850  668  660   88      280      620     3.0    6.4      13.8
대한상공회의소  8.5    1928  710  670   90      290      620     3.0    6.0      10.0
중소기업중앙회  9.0    1958  710  615   95      280      603     4.0    6.0      10.0
현대자동차      8.5    1900  700  610  100      250      620     3.2    5.5      14.0
삼성물산        8.0    1900  700  640  100      280      640     2.7    5.5      10.0
선경            8.5    1950  700  620  120      300      630     2.7    7.0      12.0
대우경제연구소  7.9    1900  697  645   95      280      610     2.9    6.8      15.0
신한종합연구소  9.0    2030  700  620  100      275      630     3.0    7.0      13.0
동서경제연구소  8.5    1950  690  630   90      290      630     2.9    6.0      12.0
고려대학교      9.9    1870  729  649  123      260      616     3.4    6.1      15.8
중앙대학교      8.5    1700  700  630   90      260      620     4.0    6.0      14.0