concert museum theatre movie watch_tv conferen reading hockey ballet politic fashion document exhibit shopping restaura 
  0
  8  0
 18 21  0
  5 22 16  0
  8 24 22 11  0
 11 13 19 18 22  0
 19 12 15  9 21 14  0
  6  6 15 19 21 13 23  0
 24 18 21 15  9 19 16 23  0
 21 21 23 23 23 13 12 11 23  0
 22 20 24 21 23 10 13 12  7  7  0
 10  7 21 11  9 10  6  8 14 22 22  0
 23 21 18  9  8 10  7 14 22  9 11  8  0
  5 14 19 16 23 22 19 20  8 17 23 21 20  0
 14 23 11  8 21 22  7 10 23 19 21  9  7 22  0
  0
  9  0
 23 21  0
 16 17 12  0
 14 19 20 19  0
  7 21 18 15 19  0
 11 12 11 17 22  6  0
  6  5 15 14 17  3 18  0
 21 15 22 12 12 23 10 21  0
 23 24 21 20 17 18 18 15 20  0
 18 14 17 18 18 10 12 14  7  9  0
  2 10 16 16  6  5 17 15 22 16 10  0
 18  4  5  4 12 16  8 16 20 22 19  9  0
 16  9 18  6 11 17  4  8  7 12 14 13 18  0
 17 18  2  2 17 14 10 16 20  7 17 11  5 22  0
  0
  7  0
 21 12  0
 17 23 11  0
  9 24 12 25  0
  5 22 18 10 24  0
  8 10 13 21 23  7  0
 10  3 17 23 24 18 25  0
 25 15 20  7 12 20 11 22  0
 18 24 22 24 19  7  5 13 25  0
 25 19 25 25 25  4 11  8  4  8  0
  3  4  8 10  7 11 16 20 22 21 19  0
 23 22  5  7 10  2 11 11 10 12 14 11  0
 10  5 18 21 17 24  9  7 11 13 19  8 22  0
 10 11  4  6 11 15  3  7 11 10 20 10  7  9  0
  0
 10  0
 16 20  0
  5 11  9  0
 18 21 17 19  0
  3  7 19 22 18  0
 13  1 16 20 16  7  0
  9 15 20 17 19 13 22  0
 24 18 21  5 10 21  7 18  0
 22 17 23 18 16 21 24 25 21  0
 18 21 17 15 14 21 18 16  3 22  0
  3 18 21 23 15 12 23  3 20 13 21  0
 23 11 18 15 13 21 24 18 22 13 20 11  0
 13 19 23 24 22 15  4 15 10 21  7  5 15  0
 21 25 12  9 22 13  6 17 22  7 19 18 24 25  0
  0
  9  0
 22 20  0
  5 20 18  0
  9 22 18 16  0
 12 18 24 22 18  0
 22  8 16 20 23 19  0
  3  3 10 12 14  4 16  0
 22 24 22  3  9 23 15 10  0
 22 22 22 24 17 15 15 23  9  0
  6 23 23 23 12 21 21 15  4 12  0
  4 19 15 20 12 17  4 11  7 20 10  0
 22  7 12 16 19 11 19 13 22 19 19  9  0
 12 10 23 23  7 15 11 11 20 17 15 17 14  0
 21  7  4  4  4  9  4 17 25  8 19 16 16 25  0
  0
 15  0
 10 23  0
  5 20 16  0
 16 22 20 15  0
  7  9  8 15 19  0
 17  8 17  6 16 22  0
  3  4 10 21 23 10 20  0
 18 20 11  7 12 21  8  7  0
 22 23 19 18 13 16 16 20 22  0
  6 18 20 21 21  5 16 15  7 16  0
 22 13  9 18  9 16  7  7 15 17 18  0
 21  6 17  7  9 18 10 16  9 11 18  7  0
  8 17 21 17  8  8 17 18 15 22 20 20 19  0
 20 20  7  6 16 17  8 14 22 10 18 14 17 24  0
  0
 12  0
 22 14  0
  7 19  7  0
 18 22 22 15  0
 11 16 12 16 23  0
 16 12 15 22 22 13  0
  7  6 13 21 25 13 20  0
 25 19 13  9 19 23 19 19  0
 25 12 21 21 15 10  8 12 19  0
 22 20 20 22 25 12 13 12  3  8  0
  8  8 21  9 10  9  9 13 21 10 22  0
 25 22  9 18 18 22  7 12 19  7 10 16  0
 13 21 18 23 23 23  7 23 13 21 15  8 22  0
 15 25  2  7 18  6  3 12 25 12 21 16  5 22  0
  0
  8  0
 12 16  0
 14 19 12  0
  8 21 18 16  0
  6 14 16  7 18  0
 15  8 17 13 19 17  0
  9 11 18 19 16  9 20  0
 21 15 17  6 15 18 14 16  0
 20 21 22 23 20 21 21 21 17  0
  9 17 18 20 21 13 11 11 10 24  0
  7 23 14 22  8  9 22  8 22 19 23  0
 24 12 11 18  8  7 21 17 14  9 13  8  0
  7  6 23 22  5 16  8  7  9 10 12 15 19  0
 19  6  4  5  7 16  2 19 17 13 12 11 25 23  0
  0
  7  0
  7 18  0
  4 10  4  0
  4 20 22 15  0
  2  5  9  3 16  0
  9  2 12 20 15 12  0
 10  6  8 18 10  5  7  0
 20 21 12  5  8 19  3 10  0
  8 22 19 22 14 11  6  6 14  0
  8 15 16 17 19 10 13  7  9 10  0
 10  8 16 10  6  6 16  4 17 10 19  0
 22 22  8  6  6  6  8 12  8 10 11  8  0
 10  9 20 21  7 19  9 11 18 22 13 10 19  0
 22 13  2  3 16  7  2 20 22 12 22 15 20 23  0
  0
 22  0
 25  9  0
  3 22 25  0
 14 25 16  7  0
 18 22  7 20 24  0
 22  5 11 14 22  5  0
  9  6 11 22 22  4 19  0
 25 21 18  4 13 18 14 22  0
 22 21 23 16 19 20 21 20 12  0
 19 22 23 21 23  7 21 15  7 18  0
  4 19 23 21 12 22  7  6 19 21 12  0
  9  6 16 12 18 22 22 13 21 20 21  6  0
 21  6 22 22  5 23  4 22 17 19 23 20 17  0
 16 22 17  4  7  5 16 16 21  6 21  5 23 17  0

