id sex age income view policy
1    1   2    2     2    2
2    1   1    1     1    2
3    2   1    1     1    1
4    1   2    2     2    2
5    2   1    1     2    2
6    1   2    1     2    1
7    1   1    1     2    2 
8    1   2    2     2    2
9    1   1    1     1    2
10   2   1    1     1    1
11   1   2    2     2    2
12   2   1    1     2    2
13   1   2    1     2    1
14   1   1    1     2    2 
15   2   1    1     1    1
16   1   2    2     2    2
17   2   1    1     2    2
18   1   2    1     2    1
19   1   1    1     2    2 
20   2   1    1     1    1
21   1   2    2     2    2
22   2   1    1     2    2
23   1   2    1     2    1
24   1   1    1     2    2 
25   2   1    1     1    1
26   1   2    2     2    2
27   2   1    1     2    2
28   1   2    1     2    1
29   1   1    1     2    2 
30   2   1    1     1    1
31   1   2    2     2    2
32   1   1    1     1    2
33   2   1    1     1    1
34   1   2    2     2    2
35   2   1    1     2    2
36   1   2    1     2    1
37   1   1    1     2    2 
38   1   2    2     2    2
39   1   1    1     1    2
40   2   1    1     1    1
41   1   2    2     2    2
42   2   1    1     2    2
43   1   2    1     2    1
44   1   1    1     2    2 
45   2   1    1     1    1
46   1   2    2     2    2
47   2   1    1     2    2
48   1   2    1     2    1
49   1   1    1     2    2 
50   2   1    1     1    1
51   1   2    2     2    2
52   2   1    1     2    2
53   1   2    1     2    1
54   1   1    1     2    2 
55   2   1    1     1    1
56   1   2    2     2    2
57   2   1    1     2    2
58   1   2    1     2    1
59   1   1    1     2    2 
60   2   1    1     1    1
61   1   2    2     2    2
62   1   1    1     1    2
63   2   1    1     1    1
64   1   2    2     2    2
65   2   1    1     2    2
66   1   2    1     2    1
67   1   1    1     2    2 
68   1   2    2     2    2
69   1   1    1     1    2
70   2   1    1     1    1
71   1   2    2     2    2
72   2   1    1     2    2
73   1   2    1     2    1
74   1   1    1     2    2 
75   2   1    1     1    1
76   1   2    2     2    2
77   2   1    1     2    2
78   1   2    1     2    1
79   1   1    1     2    2 
80   2   1    1     1    1
81   1   2    2     2    2
82   2   1    1     2    2
83   1   2    1     2    1
84   1   1    1     2    2 
85   2   1    1     1    1
86   1   2    2     2    2
87   2   1    1     2    2
88   1   2    1     2    1
89   1   1    1     2    2 
90   2   1    1     1    1
91   1   2    2     2    2
92   1   1    1     1    2
93   2   1    1     1    1
94   1   2    2     2    2
95   2   1    1     2    2
96   1   2    1     2    1
97   1   1    1     2    2 
98   1   2    2     2    2
99   1   1    1     1    2
100  2   1    1     1    1
101  1   2    2     2    2
102  2   1    1     2    2
103  1   2    1     2    1
104  1   1    1     2    2 
105  2   1    1     1    1
106  1   2    2     2    2
107  2   1    1     2    2
108  1   2    1     2    1
109  1   1    1     2    2 
110  2   1    1     1    1
111  1   2    2     2    2
112  2   1    1     2    2
113  1   2    1     2    1
114  1   1    1     2    2 
115  2   1    1     1    1
116  1   2    2     2    2
117  2   1    1     2    2
118  1   2    1     2    1
119  1   1    1     2    2 
120  2   1    1     1    1